# This file may be used to create an environment using:
# $ conda create --name <env> --file <this file>
# platform: win-64
anyio=3.3.1=pypi_0
argon2-cffi=20.1.0=py39hb82d6ee_2
async_generator=1.10=py_0
attrs=21.2.0=pyhd8ed1ab_0
backcall=0.2.0=pyh9f0ad1d_0
backports=1.0=py_2
backports.functools_lru_cache=1.6.4=pyhd8ed1ab_0
bleach=4.1.0=pyhd8ed1ab_0
ca-certificates=2021.5.30=h5b45459_0
certifi=2021.5.30=pypi_0
cffi=1.14.6=py39h0878f49_0
charset-normalizer=2.0.4=pypi_0
colorama=0.4.4=pyh9f0ad1d_0
debugpy=1.4.1=py39h415ef7b_0
decorator=5.1.0=pyhd8ed1ab_0
defusedxml=0.7.1=pyhd8ed1ab_0
entrypoints=0.3=pyhd8ed1ab_1003
idna=3.2=pypi_0
importlib-metadata=4.8.1=py39hcbf5309_0
ipykernel=6.4.1=py39h832f523_0
ipython=7.27.0=py39h832f523_0
ipython_genutils=0.2.0=py_1
ipywidgets=7.6.4=pypi_0
jedi=0.18.0=py39hcbf5309_2
jinja2=3.0.1=pyhd8ed1ab_0
jsonschema=3.2.0=pyhd8ed1ab_3
jupyter-client=6.1.12=pypi_0
jupyter-server=1.11.0=pypi_0
jupyter_core=4.7.1=py39hcbf5309_0
jupyterlab-widgets=1.0.1=pypi_0
jupyterlab_pygments=0.1.2=pyh9f0ad1d_0
libsodium=1.0.18=h8d14728_1
markupsafe=2.0.1=py39hb82d6ee_0
matplotlib-inline=0.1.3=pyhd8ed1ab_0
mistune=0.8.4=py39hb82d6ee_1004
nbclient=0.5.4=pyhd8ed1ab_0
nbconvert=6.1.0=py39hcbf5309_0
nbformat=5.1.3=pyhd8ed1ab_0
nest-asyncio=1.5.1=pyhd8ed1ab_0
notebook=6.4.3=pyha770c72_0
openssl=1.1.1l=h8ffe710_0
packaging=21.0=pyhd8ed1ab_0
pandoc=2.14.2=h8ffe710_0
pandocfilters=1.4.2=py_1
parso=0.8.2=pyhd8ed1ab_0
pickleshare=0.7.5=py_1003
pip=21.2.4=pyhd8ed1ab_0
prometheus_client=0.11.0=pyhd8ed1ab_0
prompt-toolkit=3.0.20=pyha770c72_0
pycparser=2.20=pyh9f0ad1d_2
pygments=2.10.0=pyhd8ed1ab_0
pyparsing=2.4.7=pyh9f0ad1d_0
pyrsistent=0.17.3=py39hb82d6ee_2
python=3.9.7=h7840368_0_cpython
python-dateutil=2.8.2=pyhd8ed1ab_0
python_abi=3.9=2_cp39
pywin32=301=py39hb82d6ee_0
pywinpty=1.1.4=py39h99910a6_0
pyzmq=22.2.1=py39he46f08e_0
requests=2.26.0=pypi_0
requests-unixsocket=0.2.0=pypi_0
send2trash=1.8.0=pyhd8ed1ab_0
setuptools=58.0.4=py39hcbf5309_0
six=1.16.0=pyh6c4a22f_0
sniffio=1.2.0=pypi_0
sqlite=3.36.0=h8ffe710_1
terminado=0.12.1=py39hcbf5309_0
testpath=0.5.0=pyhd8ed1ab_0
tornado=6.1=py39hb82d6ee_1
traitlets=5.1.0=pyhd8ed1ab_0
tzdata=2021a=he74cb21_1
ucrt=10.0.20348.0=h57928b3_0
urllib3=1.26.6=pypi_0
vc=14.2=hb210afc_5
voila=0.2.12=pypi_0
vs2015_runtime=14.29.30037=h902a5da_5
wcwidth=0.2.5=pyh9f0ad1d_2
webencodings=0.5.1=py_1
websocket-client=1.2.1=pypi_0
wheel=0.37.0=pyhd8ed1ab_1
widgetsnbextension=3.5.1=pypi_0
winpty=0.4.3=4
zeromq=4.3.4=h0e60522_1
zipp=3.5.0=pyhd8ed1ab_0
